#install4j content files
#Thu May 24 15:47:24 CEST 2018
file.name.5=1691243097.1691243098.dat
file.name.4=1691242193.dat
file.name.3=1691242193.1691243097.1691243098.dat
file.name.2=1691243097.dat
file.name.1=1691243098.dat
file.name.0=0.dat
dirName=MALT_unix_0_4_1.dat
content.size.5=29385088
content.size.4=203751
content.size.3=775
content.size.2=13250
content.size.1=13240
content.size.0=114933
entries.size.5=0,2455,0,0,5475,4421,0,4641119,24731618
entries.size.4=203751
entries.size.3=775
entries.size.2=0,0,0,0,13007,243
entries.size.1=0,0,0,0,12997,243
entries.size.0=0,55,55,13426,4831,55,55,5475,4421,73008,13552
setCount=6
content.count.5=9
content.count.4=1
content.count.3=1
content.count.2=6
content.count.1=6
content.count.0=11
file.size.5=27980764
file.size.4=201703
file.size.3=602
file.size.2=4270
file.size.1=4258
file.size.0=95220
components.5=1691243097.1691243098
components.4=1691242193
components.3=1691242193.1691243097.1691243098
components.2=1691243097
components.1=1691243098
components.0=0
